6486.823213333333
112.60216194444445
1402.75306
196.45508583333333
535.3776486111111
106.45364138888888
289.10062361111113
99.87347805555555
1992.6090777777779
287.6209938888889
21.895748055555554
631.6231458333333
963.3553586111111
4784.256672222222
1992.0996413888888
727.7888352777778
221.5674775
216.86564972222223
63.42959694444444
87.18211583333333
99.71693555555555
387.07794333333334
72.41049611111112
702.0972325
1157.093606111111
1226.1872647222222
29.77837472222222
315.7016027777778
97.35118361111111
547.8984955555555
358.29461694444444
699.403875
798.1824327777778
196.48035277777777
156.06504666666666
723.6479163888889
78.47349055555556
1186.544608888889
223.88151305555556
80.96456361111112
699.8599241666667
770.5109302777778
272.11202972222225
147.20266444444445
1399.2975691666666
321.1089975
623.9413297222222
963.9427438888889
1067.5301144444445
316.81930805555555
8.553369722222222
283.357085
1209.6976277777778
1184.8575608333333
1400.9961922222221
799.0131908333333
314.58366555555557
99.46415777777777
37.59511277777778
1403.4975258333334
117.8611138888889
288.1519597222222
323.4853263888889
49.109900555555555
1209.1934541666667
1238.0734930555554
4782.928730833333
516.3648511111111
4298.62859
315.6665116666667
700.9191938888889
209.13358944444445
76.56359083333334
1682.5458691666668
124.66311416666667
633.6977986111111
964.9372119444445
507.5202938888889
85.60704527777777
679.572965
103.64335305555555
5773.64253
549.1032513888889
10.900131944444444
1350.0095363888888
826.3945813888889
1634.1526366666667
37.79476805555556
289.5649863888889
1516.3502558333332
316.6499663888889
155.14939722222223
547.4582530555556
923.3491022222222
84.97823527777778
2404.758235
316.21048138888887
87.71502666666666
188.5797186111111
244.4355872222222
32.55338
702.6945997222223
123.91595694444445
1185.8735527777778
1156.2353677777778
820.5148480555556
32.23484833333333
78.98585
1176.6679133333334
4299.173429166667
1469.0062627777777
123.27240777777777
100.07207111111111
123.25886972222222
170.80621416666668
1183.93385
844.9883077777778
563.5173302777778
725.5669583333333
84.60224777777778
1130.5467744444445
1227.771573888889
28.074917222222222
602.1968861111111
58.84860722222222
703.3107113888889
992.5783672222223
82.54281333333333
317.40289472222224
1230.2979994444445
119.40478888888889
146.80352277777777
73.35978416666667
26.148365555555557
120.57552027777778
171.06750527777777
959.8211258333333
1876.0796702777777
1225.1531486111112
87.84569361111112
1182.000615
559.7249347222222
1129.3112880555555
654.9779916666666
223.25086777777778
167.21524916666667
725.8745538888888
153.09568027777777
1229.0556363888888
1688.9845372222221
1175.9271163888889
9.203342222222222
676.7797936111111
1187.1585075
123.72578
84.20461833333333
1377.1589669444445
1231.1656822222221
83.98623111111111
700.5543397222223
75.07361611111111
5472.015586388889
387.74899666666664
933.8152777777777
741.412411111111
654.5090222222223
291.63938138888886
991.3321936111112
97.96892083333333
2188.9809494444444
27.510600833333335
48.645118333333336
149.9644011111111
317.1361888888889
987.0315227777778
6937.452258055556
1177.8971325
1230.8875122222223
1059.6030794444443
1261.0755594444445
312.1850402777778
145.60451416666666
111.41131583333333
55.20243861111111
128.68060166666666
316.7627386111111
170.64464722222223
1468.4679266666667
343.8638188888889
721.5710213888889
77.86611805555556
133.80001833333333
1185.2120219444444
1319.330113888889
193.40366305555557
85.83511527777777
700.1659352777777
5963.379523888889
148.24736694444445
317.15642444444444
1401.5967725
434.98680083333335
1230.5696513888888
4449.4015922222225
1210.5182980555555
225.2022425
78.38417722222222
701.4767013888888
1687.6510319444444
549.1943330555556
119.96771638888889
508.45695944444446
169.34298166666667
1053.4859297222222
244.31506972222223
32.23145
679.1591736111111
1348.7659472222222
1226.2767302777777
36.020293333333335
1659.4849930555556
318.4300455555556
367.2027308333333
26.850100555555557
242.70007194444443
172.11194083333334
4784.7178441666665
248.8774225
50.644350277777775
217.31127138888888
53.59941416666667
728.9968105555556
743.1400586111112
217.25224916666667
1396.261971388889
52.79893583333333
1229.8545916666667
868.7692691666666
1253.2552472222221
1232.2834130555555
703.770505
119.98449638888889
51.1663325
675.9420094444445
537.3700877777778
530.9500738888889
86.47633916666666
1237.6265097222222
1109.4733866666666
446.1515963888889
5470.442659444445
38.33610861111111
153.5400588888889
5472.481079166667
82.91092722222223
72.47436416666666
75.4792025
118.54326444444445
58.065871666666666
53.27251
2041.22715
30.074325
149.68265666666667
942.5373544444444
1184.9230816666666
385.79286
394.1816375
1202.986696388889
704.9659536111111
609.8169197222222
509.8227166666667
6143.735700277778
27.958628055555554
193.6457922222222
298.2709438888889
824.2319319444445
195.48861305555556
676.3643930555555
168.78850777777777
606.4531791666667
991.7924894444444
1156.8615138888888
5448.460749722222
208.53437666666667
1237.0814391666668
338.83289055555554
366.83228694444443
154.675375
27.077594166666668
59.969700833333334
1155.2865147222221
2189.990599722222
414.89562861111114
6411.5865861111115
265.0023116666667
78.56058861111111
6338.603238611111
1155.873908888889
654.4031008333334
29.50128638888889
823.7509566666666
987.5147316666666
702.1629125
729.4215341666667
85.20138027777777
415.25895722222225
28.32077388888889
1158.1058130555555
41.13353166666667
732.2913447222222
292.7621561111111
22.395941944444445
2286.6620983333332
535.350766111111
1182.0408780555556
1326.6540855555556
921.7691241666666
2190.6187230555556
126.98570527777778
869.5803891666667
1183.5546938888888
1225.6192641666667
107.19558722222222
24.45550611111111
561.1265772222222
2019.0346505555556
51.59589527777778
1875.450613611111
651.2368477777778
560.7300875
40.346875555555556
700.9562144444444
291.43535194444445
934.6245675
58.91230083333333
50.06896166666667
559.3030980555556
538.0706636111111
2305.783806388889
1089.1030133333334
58.22737722222222
33.303853333333336
776.529115
723.2677466666667
5490.3713125
1230.2692330555556
798.0899805555556
1759.9763805555556
964.0134147222223
49.63486833333333
534.9211305555556
59.22786388888889
1586.9946372222223
415.7373572222222
1089.6692902777777
393.57142416666665
844.3878763888889
364.54703861111113
992.2074877777778
204.88595194444446
1993.658916111111
195.71588916666667
966.7803036111111
1318.424981111111
537.2895069444445
81.05040694444445
1993.5310691666666
867.9461902777778
1615.1207847222222
409.1717063888889
85.94430472222223
382.3940141666667
844.7311555555556
74.60725777777778
870.1323533333333
702.9888136111111
604.6276075
81.46715527777778
35.916536388888886
773.2175577777778
1763.210201111111
340.5921558333333
536.5447580555556
934.2474641666666
1178.19802
263.01718361111114
366.42869833333333
5791.890901111111
1165.14266
1203.6433897222223
154.78116
633.7531625
823.3610202777778
167.72317972222223
701.8059144444444
241.33606166666667
1230.6520944444444
59.48831138888889
196.93740861111112
5791.464685555556
993.0321658333334
725.1212386111112
608.9349183333334
1186.5765130555556
1905.109311388889
853.6437436111111
239.9699286111111
1231.3207644444444
356.40116555555556
1209.2470733333334
507.78194444444443
336.5618172222222
1180.834713888889
84.62405111111111
701.4178744444445
559.9443788888889
851.5268358333333
59.446255
4.628463611111111
854.06647
77.12748833333333
182.33336333333332
171.46101694444445
742.6256597222222
49.69892611111111
344.5744138888889
52.50815333333333
169.80955166666666
318.4166236111111
1229.5222802777778
290.6455658333333
149.2086125
899.5824263888888
320.3400472222222
58.93743527777778
240.44429944444445
286.7386108333333
145.44640944444444
650.7943252777778
1688.3381219444445
1373.2007155555555
604.9702638888889
74.28497166666666
4299.814521111111
988.0472730555556
56.03719805555556
429.41711
1321.5354919444444
296.44371
705.0228677777778
271.20385416666664
35.60538805555556
269.6750216666667
194.94563333333335
182.70589555555554
531.8493347222222
6.6910252777777774
290.00683194444446
544.6734108333334
222.03141444444444
263.3409311111111
1209.9656625
270.93503305555555
704.6095125
30.58172666666667
1378.1605311111111
740.8925966666667
242.11136333333334
196.84126333333333
432.35632805555554
632.4310944444444
30.203554166666667
286.03185833333333
1181.3125877777777
1061.8780941666666
290.13115694444446
1131.0003730555557
78.63112194444444
81.79915083333333
1156.6860391666667
49.136914166666664
1689.1674986111111
58.002003333333334
316.09602
1199.69405
77.61726027777777
1319.7645305555557
1634.6923319444445
78.5639825
106.83316527777778
600.8656658333333
513.1899986111112
51.63619694444444
272.55704972222225
39.7538025
624.4597430555556
491.62854111111113
340.8684302777778
106.54441972222222
993.674815
1513.9933241666668
386.18397805555554
152.48318583333332
416.13116527777777
38.80072305555556
1238.519945
391.94186666666667
410.80952777777776
608.4882436111111
169.34458944444444
1133.3716055555556
57.42370888888889
742.1496416666666
849.4936802777778
724.8597580555555
301.0761508333333
1655.644191111111
61.48460222222222
3606.528186111111
5.228555833333333
536.3993533333334
369.60981
283.9884744444444
2715.2607747222223
871.2075938888889
1273.908366388889
98.93525972222223
1157.5043122222223
1129.83757
270.3499886111111
37.33515527777778
798.4348011111111
198.75239888888888
99.63943444444445
674.9465586111111
1226.7546225
219.8495325
30.75692861111111
577.9033736111111
1426.087605
1132.1620941666667
1109.210998611111
741.5045455555555
430.24027722222223
854.6691180555556
797.6846475
58.47312083333333
846.8465266666667
343.5562825
41.585658611111114
107.29961805555556
558.9398255555556
818.4083111111111
35.56007666666667
195.98702805555556
156.5411825
699.4794119444445
5471.028631944445
342.8030397222222
1253.7657708333334
654.8839808333333
345.51123944444447
819.7328069444444
42.027233611111114
1163.4663613888888
1261.4690008333334
120.2936263888889
149.2288477777778
119.16680944444444
745.9805216666666
75.78563888888888
431.3361258333333
218.82971055555555
1133.8666866666667
849.8873694444444
724.4677966666667
133.33114083333334
724.5805375
1320.2986747222221
1228.5089983333332
817.8984733333333
5954.561918888889
96.56120972222222
1185.7812352777778
1515.3719702777778
131.15266305555556
98.88002166666666
127.38104972222222
411.24065
89.60698138888888
29.4209225
3436.8655180555556
429.861505
56.89604444444444
316.40065694444445
97.79704444444444
153.0419552777778
122.33095666666667
1439.6020855555555
701.7253247222222
980.7778236111111
96.93813194444445
609.3409138888888
603.6500211111111
57.37170138888889
292.167315
80.26244611111112
846.3555994444445
3435.7157233333332
357.5898986111111
603.1069941666667
6487.544710555556
1876.5318791666666
1163.6885375
559.4089858333333
557.8687747222223
923.14446
51.00529
870.5281466666667
1273.097891111111
1117.3091055555556
1186.2113691666666
1875.0950883333333
632.5337811111111
4878.3867875
463.1812894444444
240.34165222222222
1230.2339277777778
1992.9946125
1162.881588888889
339.9397375
112.13742444444445
32.89374611111111
3435.1813944444443
77.22672083333333
72.0104125
290.7596686111111
199.3900786111111
196.13345222222222
415.8000230555555
132.48505694444444
128.9677963888889
88.5011525
33.862361388888885
51.041646944444445
726.3701116666666
729.9090755555555
1399.49983
1514.5955397222222
770.6218725
578.6632938888889
149.09048777777778
82.12281333333334
1185.7425625
8.17312861111111
732.8112208333333
26.24743527777778
263.4702425
217.67253555555556
345.18063861111114
5471.439681666667
578.1688388888889
7.867693888888889
855.428913611111
1184.0880836111112
8428.417793611112
194.0275088888889
58.83354666666666
6075.616260833333
1400.5148391666667
348.23028694444446
344.34329722222225
922.7111408333334
1280.4723330555555
196.33710305555556
50.166514166666666
168.34660083333333
463.91050055555553
173.52245444444443
5448.952318888889
558.4065430555555
269.2414713888889
1011.5888213888888
316.62982305555556
83.78842083333333
30.287578611111112
340.31515833333333
604.1634994444445
25.505165277777778
462.73301638888887
2835.9185538888887
193.81724694444443
941.9708830555555
172.25035666666668
195.09304194444445
2643.212695
559.2340847222222
36.60713722222222
604.6815841666667
77.20990722222223
725.2768894444445
49.061101666666666
5744.0591255555555
1376.6653072222223
1175.5868766666667
1178.8812194444445
34.2336475
271.5594516666667
168.94970944444444
731.6801544444445
677.53319
1156.3297155555556
1110.7760577777779
102.09843611111111
1155.8217930555556
197.6921636111111
205.30805833333332
153.71593555555555
701.2788208333334
50.807925
52.40024805555556
548.5901
273.9661913888889
338.848055
83.54669416666667
26.49478638888889
1182.6881677777778
1132.8513141666667
560.5570319444445
198.07060777777778
579.277435
336.88889027777776
1164.3590775
79.50713972222222
321.56579805555555
923.5721741666666
32.19304916666667
292.5817736111111
3434.505133888889
356.90755083333335
339.49341833333335
98.37522833333334
1185.2658247222223
2286.211907777778
5790.8474375
247.99923305555555
50.479236944444445
315.3279205555556
224.23409583333333
2643.8017094444444
942.0028775
586.5389305555556
288.5638572222222
1993.1277097222223
994.3312319444444
30.60203027777778
1633.7405819444446
99.48462888888889
113.10738472222222
122.79314111111111
577.6563572222223
271.4623197222222
73.97451527777778
699.8734925
124.70186222222222
1377.7529702777779
1164.176428888889
5.119075555555556
1248.0182816666666
536.2632888888888
5790.321453055555
1516.7287997222222
1030.5307541666666
724.0297808333333
655.241985
102.85987888888889
2237.5812683333334
507.4312663888889
925.6053097222223
172.01588972222223
193.22254166666667
194.76718694444443
55.48528777777778
430.9177888888889
73.79158777777778
3433.7825361111113
289.77999222222223
316.3871344444444
148.61168972222222
534.8219313888889
274.1881094444444
87.08827194444444
655.7825102777778
823.1105633333333
219.6221261111111
312.8743911111111
223.76205861111112
274.66322694444443
994.6819875
1157.7045108333334
6.070463888888889
76.25574333333333
268.6153663888889
535.7949294444444
33.37946111111111
219.7399127777778
351.8449327777778
40.807185555555556
3605.8218755555554
1131.5396719444445
1611.8375133333334
545.4098330555555
1007.0159502777777
315.514815
249.69265305555555
81.77900861111111
8428.862266666667
101.56441416666667
514.8363133333334
95.33926777777778
344.54592138888887
411.6334502777778
1111.3228194444443
287.0573880555556
993.5131519444444
1350.9837769444443
30.96126472222222
5.578138055555556
24.811765277777777
317.63494944444443
51.451164166666665
623.4279138888888
344.98599083333335
700.5644391666667
601.5437558333333
958.6080016666667
8334.7580675
1904.4590519444444
534.3404852777778
980.1596675
727.3699225
83.3485625
845.8672380555555
251.19669333333334
1232.8427205555556
49.929255
62.57117861111111
249.3248111111111
364.0986672222222
845.5839661111111
733.5336052777777
796.3264277777778
431.81851472222223
558.0485386111111
509.1447411111111
35.043554722222225
98.38698944444444
207.97713444444443
1326.0287325
2305.3604416666667
60.7953275
104.3243975
247.56121027777777
1183.1853297222221
197.2798486111111
1684.8143933333333
557.9192205555555
315.28922944444446
74.45528888888889
168.68606277777778
1136.6499333333334
2287.1098419444443
5954.034273055556
203.10783138888888
78.25643777777778
75.86109472222222
680.2649952777778
343.27921055555555
560.3182380555555
355.64886416666667
386.6594175
6.073830277777778
155.5552986111111
8335.122013055556
219.36664694444445
845.1647058333333
56.845685
866.8461477777778
1403.0509097222223
409.65402222222224
1155.4582191666666
700.6181647222222
53.255673055555555
316.8378577777778
745.1590188888889
1231.5315122222223
194.52835638888888
49.26317944444445
1399.8819275
1874.457723611111
677.1767033333333
1349.3469625
1688.321373888889
244.77656472222222
1184.3802555555556
1877.0349247222223
12.29188861111111
51.98388138888889
606.3149997222222
703.4848252777778
2041.8007783333333
277.0472027777778
742.05072
156.00971916666666
26.6813175
1828.7749747222222
534.5615344444444
1351.3116297222223
1273.4649805555555
605.1739816666667
37.014384722222225
602.7564163888889
557.3954572222223
146.46583416666667
1178.5175502777777
704.1107188888889
1016.9462488888889
564.5934658333333
1225.796818888889
6074.52534
508.1085238888889
1402.521161388889
137.97759805555555
703.21706
224.3484711111111
722.1067261111111
549.6190327777778
746.525025
86.54845027777777
1762.7562152777778
731.0445558333333
52.844496666666664
315.9310008333333
78.11522916666667
843.7507922222222
145.9909688888889
959.2112147222222
351.1851991666667
1229.8124677777778
445.7696922222222
314.83629194444444
294.1037333333333
22.811901388888888
60.11682777777778
173.8307375
1402.1427522222223
173.1586575
172.83858
4250.406545277778
867.2591208333333
154.255445
533.8271044444444
2042.4856075
745.6644308333333
1828.3737383333332
290.13289444444445
2239.6048769444446
995.2026005555556
1224.7726972222222
241.16478388888888
868.3840352777778
866.0731075
1176.306865277778
274.9148519444444
533.9920063888889
1252.9688033333334
75.14107527777777
1515.7732644444445
337.460685
1853.159645
73.21146805555556
96.24586111111111
34.40995361111111
1230.6639008333334
536.5196441666667
607.3826622222222
1188.3557208333334
965.5822441666667
1187.6871
132.94911638888888
27.49543111111111
286.58274305555557
219.40533555555555
218.3257686111111
290.9142786111111
605.7887269444444
1067.1048625
981.3142172222222
537.9616441666667
993.0774466666667
