1971.8016408333333
4774.085433333334
1419.5184794444444
4763.2059852777775
1563.3447963888889
4655.949751111111
5021.159114166667
4678.997131666667
5110.717346666666
3536.896288888889
790.1901797222222
4487.721174722222
3258.576671111111
4737.0325475
3535.581057777778
4919.888018888889
4677.693049722222
1781.3647086111112
4679.299455
4920.394493888889
1945.1001911111111
4080.2909180555557
3257.8403780555554
4928.630755
795.9176008333334
4973.566750277778
4677.103772222222
5113.227963888889
4774.876738333333
4946.103301944445
4773.144428333333
3095.5015333333336
4947.041888611111
3260.5537927777777
4488.327669444445
1971.148328611111
2975.2294352777776
4773.506405555556
4679.841814444444
1974.1727525
3259.326003333333
3291.9534941666666
4678.456113333334
4079.9225544444444
1974.7215302777777
3290.4478658333333
5120.122730277778
3291.4635605555554
4730.431755
4974.040780833333
4921.710235277777
2760.9536938888887
4252.308441111111
4947.502646666667
2620.116178333333
3257.0115652777777
789.6270694444445
2760.3159244444446
3259.8805375
5111.48777
1972.2107822222222
4655.2400925
4920.75933
3535.174485833333
4946.596807777778
5111.048941111111
4927.745095833333
3096.942685277778
4919.294775
4921.234518333334
1419.026623888889
4735.940978333333
1972.9181997222222
5112.080785
3096.497622222222
3095.9477183333333
2759.858288888889
4974.476154722222
773.0484963888889
3754.0119058333335
5043.933418333333
4775.254086666667
5043.432321944444
3290.9162619444446
795.3444108333333
3536.19828
4948.1035716666665
4772.605688333333
4736.442388611111
5112.746542777778
5042.821135
4253.116931944444
4928.186656388889
1513.7192622222221
3537.513899722222
3097.3128394444443
4728.647289722222
1563.9980516666667
2620.7338655555554
1562.892416388889
