1991.6088566666667
726.7886141666667
77.47326944444444
315.81908694444445
798.0129697222222
322.4851052777778
48.109679444444446
1208.1932330555555
678.5727438888889
1175.6676922222223
1229.2977783333333
1224.1529275
1186.1582863888889
316.13596777777775
1229.8872911111112
76.86589694444444
1229.5694302777779
678.1589525
1225.2765091666668
317.4298244444444
49.644129166666666
51.79871472222222
1228.8543705555555
867.7690480555556
1231.2831919444445
1183.9228605555556
608.8166986111111
823.2317108333333
822.7507355555556
534.350545
868.5801680555555
1182.5544727777778
290.43513083333335
797.0897594444444
1992.5308480555555
701.9885925
772.2173366666667
1177.1977988888889
607.9346972222222
1230.3205433333333
76.12726722222222
48.698705
1228.5220591666666
289.6453447222222
1060.8778730555555
77.63090083333333
512.1897775
50.63597583333333
797.43458
1225.754401388889
1131.1618730555556
557.9396044444444
97.87980055555556
3435.8652969444443
608.3406927777778
291.16709388888887
3434.7155022222223
1185.2111480555557
1229.2337066666666
1991.994391388889
1161.8813677777778
338.9395163888889
3434.1811733333334
50.041425833333335
1398.4996088888888
769.6216513888888
1183.0878625
49.166293055555556
557.4063219444445
339.3149372222222
1177.8809983333333
730.6799333333333
1181.6879466666667
1131.8510930555556
291.5815525
3433.504912777778
97.37500722222222
1184.2656036111111
1247.0180605555556
535.2630677777778
192.22232055555557
54.48506666666667
3432.782315
315.3869133333333
822.1103422222222
1130.5394508333334
726.3697013888889
1231.8424994444445
1182.1851086111112
556.9189994444445
679.2647741666667
1398.881706388889
1183.3800344444444
1224.7965977777778
1228.8122466666666
1223.772476111111
1175.3066441666667
336.4604638888889
1229.6636797222222
289.9140575
